3674
532
3305
2959
3090
3141
1963
3149
2911
4622
4675
4277
463
1903
3933
3903
2169
4752
3064
2934
550
790
627
1841
34
823
1534
2421
2972
2705
828
2048
4470
3672
699
3289
4390
2947
4305
369
3496
6
4603
4025
2917
3171
3847
2043
2153
3462
4109
1206
447
2081
3707
3415
3751
4324
4668
4637
111
4769
4269
2500
3700
3731
1836
3453
790
3319
1735
4983
3282
3769
1706
1222
544
3014
1134
4111
1061
1547
99
619
2136
3026
2716
2143
3752
606
112
4980
460
2105
978
4426
2171
2120
221
4268
3431
4511
1116
4900
4227
4058
2999
3398
115
1098
4803
2578
1095
2745
612
1780
3005
4018
866
3711
3920
413
2639
1015
2832
94
234
2777
3382
330
211
4817
4764
1851
3074
4073
573
2222
1084
1825
4018
1731
525
1018
3563
4720
1474
4993
422
2472
1623
3378
1461
1075
1766
1002
2477
2213
2697
3244
3009
3607
998
4575
1674
3843
84
2229
373
2980
3424
4947
4252
672
127
3308
587
4906
1556
4908
4286
2626
2136
1393
4263
1722
2354
3144
4658
3245
276
3565
4901
4084
836
519
4856
798
4513
2017
3941
893
1339
10
2555
2254
2736
4706
4157
1195
4242
3335
1575
3898
4573
4266
4241
244
4818
4558
2209
1782
3144
4528
4660
4320
2592
4432
1470
310
590
275
1872
1091
1846
2590
3856
3077
4149
4358
3748
4695
253
266
2203
2887
4039
2579
3146
3298
448
2251
2594
4540
280
4454
3346
770
4634
2511
538
3551
2795
1124
2385
3481
2096
825
860
3794
422
1986
2046
584
310
4552
55
437
1249
1247
54
3927
862
2732
406
354
4346
24
2085
1726
3628
4634
3141
1903
4949
4587
2131
24
1775
4380
2328
2422
4057
3933
1987
6
2332
4660
4789
4570
2404
3502
3502
3161
1846
3772
2859
1086
139
4930
4366
4161
220
4050
4982
220
3198
1405
2142
454
1760
105
1002
405
3122
805
4469
4669
2539
3546
4473
1355
1165
3208
2397
4555
2247
2482
1619
2335
2358
1597
3918
4552
683
2811
4660
2678
2581
1045
94
1827
2742
738
4016
2153
3812
3914
3360
749
504
3893
4430
3103
3458
4359
1226
4979
1658
2897
283
4947
1672
4331
2819
3498
260
3694
1460
4761
2640
943
4821
3627
4096
2211
3930
1497
3701
3234
3919
3915
1797
694
614
1131
1174
1926
4280
3152
2223
3919
2289
2576
3159
1904
4211
3438
3824
2
216
3640
3482
56
3391
2311
3380
4644
2592
3690
912
1276
4841
2147
2274
4768
198
928
222
4257
1926
1149
2852
637
1084
2670
4120
4146
4283
3616
1827
2008
24
380
2754
1497
1965
401
3856
2732
4300
564
2600
3626
1147
462
4785
233
4255
78
78
54
1335
1031
1619
3458
3944
414
3152
1467
4521
4810
3349
4790
3950
4383
724
1145
293
2707
1385
1672
3207
2257
2549
2055
1810
313
2498
1808
2310
405
1089
3289
235
4584
4499
2766
4688
2576
2514
3894
4841
193
4500
1438
4370
3813
1004
1653
3315
1201
3872
3466
4636
2663
120
4103
1533
325
2888
1011
4320
4351
47
3659
1388
2765
326
329
1341
974
517
3834
909
4428
1578
4468
1741
4614
3861
4662
767
4258
3200
2732
4012
2994
2316
1111
588
4676
2839
2114
2468
4249
4561
4424
3910
700
879
2637
349
4577
1653
2747
3313
3970
526
2521
4866
488
1680
868
1142
2866
2311
157
994
4979
4646
2325
4823
4113
4050
4794
622
4183
3001
4415
4222
737
350
549
3672
3414
2971
3670
2989
1434
2521
1381
3310
4716
624
4055
851
885
102
3799
525
1899
2629
4761
3089
3210
1620
1282
2719
4718
2166
2533
4009
2375
1056
4011
2534
1230
537
1746
1306
4317
666
1674
3949
3354
1993
3891
1025
979
3517
625
3854
3298
1603
2250
1308
3522
3831
3600
1076
4593
2957
3097
2315
2535
3162
2105
341
2182
4516
3711
539
3567
103
3985
503
4729
1335
306
2974
3509
3092
3537
1557
2390
2922
2746
335
2068
1365
1240
4270
2295
1367
3552
1727
385
3016
3842
3109
1111
949
1352
4773
2736
2288
2800
3969
2894
4170
3774
914
155
1056
782
1498
558
4782
3394
3046
4176
4875
688
3763
4214
4306
4703
3395
4413
946
1584
3443
2231
4256
4107
2451
806
4460
4198
4942
493
2281
4148
2679
122
428
971
2472
318
3448
1208
2509
613
3715
2664
152
2259
3452
3546
448
4537
4379
3392
4560
3613
3504
1123
2904
1010
2562
419
3507
907
56
1855
1579
3221
1669
4330
2825
1478
487
3509
2927
1660
3942
1848
2312
3697
2907
1853
357
2736
4653
4562
3493
741
4763
1982
4108
1963
2794
237
4559
2315
585
1980
724
285
2347
1959
2906
4528
3667
2232
2249
2729
537
1091
562
1682
508
977
3614
4936
668
2370
3590
3299
3471
4323
2558
1916
2364
2233
967
1232
3160
3304
720
2964
181
350
1794
29
4253
4968
3091
4890
1742
1187
3277
839
2297
1071
2223
2659
4887
225
1666
518
471
1793
515
1786
4691
1766
3770
410
3648
3077
275
90
3526
4840
3964
1728
3501
4873
2277
2234
2778
3480
167
964
1561
3291
3624
4026
3573
4952
3700
1797
611
1331
106
3314
4143
1532
2386
2893
2907
2561
4411
3529
2570
1433
4762
611
402
1224
816
1843
2621
1982
2256
1339
4472
821
2397
2148
1204
4339
652
2596
1543
2356
3193
2110
540
1050
524
3713
4835
1352
4327
3121
3649
669
4217
1351
1591
129
1067
3591
3468
4441
1617
1251
4761
2008
2916
4327
4016
224
670
3380
4970
1652
479
2300
1907
3360
1396
1185
1012
2529
3667
3732
2506
3348
3869
3600
2731
1059
3723
2475
960
1127
260
1095
2315
3486
1685
4338
2953
3088
471
4600
3449
4262
4868
2344
1802
1377
508
1418
4522
804
